0 16
1 16
2 16
3 16
4 16
5 16
6 16
7 16
8 16
9 16
10 0
10 1
10 2
10 3
10 4
10 5
10 6
10 7
10 8
10 9
10 10
10 11
10 12
10 16
10 24
11 0
11 24
12 0
12 24
13 0
13 24
14 0
14 24
15 0
15 24
16 0
16 24
17 0
17 24
18 0
18 24
19 0
19 8
19 9
19 10
19 11
19 12
19 13
19 14
19 15
19 16
19 24
20 0
20 22
20 23
20 24
21 0
21 24
22 0
22 24
23 0
23 24
24 0
24 24
25 0
25 24
26 0
26 24
27 0
27 24
28 0
28 24
29 0
29 8
29 12
29 13
29 14
29 15
29 16
29 17
29 18
29 19
29 20
29 21
29 22
29 23
29 24
30 8
31 8
32 8
33 8
34 8
35 8
36 8
37 8
38 8
39 8
